x
Lauri
Leonie
Mikaela
Aiko
Tiffaney
Corina
Petronila
Alecia
Shemika
Deloris
Eboni
Delfina
Ernestina
Milo
